{
 "cells": [
  {
   "cell_type": "markdown",
   "id": "21f65f2d",
   "metadata": {},
   "source": [
    "### This Notebook contains the functions from Flodén. To use any of them, just copy the function you need into your own notebook\n",
    "\n",
    "#### Translated from Flodén's MATLAB codes"
   ]
  },
  {
   "cell_type": "code",
   "execution_count": null,
   "id": "79b07d2f",
   "metadata": {},
   "outputs": [],
   "source": []
  },
  {
   "cell_type": "code",
   "execution_count": 1,
   "id": "e096f879",
   "metadata": {},
   "outputs": [],
   "source": [
    "# needed for both addacooper and tauchen\n",
    "import numpy as np\n",
    "from scipy.stats import norm\n",
    "\n",
    "# needed for compact printing of numpy arrays\n",
    "np.set_printoptions(suppress=True,precision=4,linewidth=np.inf) # use precision to set the number of decimal digits to display\n",
    "\n",
    "# needed for addacooper only\n",
    "from scipy.integrate import quad "
   ]
  },
  {
   "cell_type": "code",
   "execution_count": 2,
   "id": "c6da2e91",
   "metadata": {},
   "outputs": [],
   "source": [
    "# generates an AR(1) process using Adda and Cooper's (Dynamic Economics, 2003) method\n",
    "def addacooper(n,mu,rho,sigma):\n",
    "    \"\"\" Syntax: [Z,PI] = addacooper(n,mu,rho,sigma)\n",
    "\n",
    "    Approximate n-state AR(1) process following Tauchen (1986) and Tauchen & Hussey (1991).\n",
    "    See Adda & Cooper (2003) pp 57-.\n",
    "    Z(t+1) = mu*(1-rho) + rho*Z(t) + eps(t+1)\n",
    "    where std(eps) = sigma\n",
    "    Translated from Martin Flodén, 2005\n",
    "    \"\"\"\n",
    "\n",
    "    sigmaUNC = sigma/np.sqrt(1-rho**2)\n",
    "    E  = np.zeros((n+1,1))\n",
    "    Z  = np.zeros((n,1))\n",
    "    PI = np.zeros((n,n))\n",
    "    MFPI = np.zeros((n,n))\n",
    "    \n",
    "    E[0] = -1e1\n",
    "    E[-1] = 1e1\n",
    "    for i in np.arange(1,n):\n",
    "        E[i] = sigmaUNC*norm.ppf((i)/n) + mu\n",
    "    \n",
    "    #print(E)\n",
    "    for i in np.arange(0,n):\n",
    "        Z[i] = n*sigmaUNC*(norm.pdf((E[i]-mu)/sigmaUNC) - norm.pdf((E[i+1]-mu)/sigmaUNC)) + mu\n",
    "    \n",
    "\n",
    "    for i in np.arange(0,n):\n",
    "        for j in np.arange(0,n):\n",
    "            E1 = E[j]\n",
    "            E2 = E[j+1]\n",
    "            th_fcn = lambda u: n/np.sqrt(2*np.pi*sigmaUNC**2) * (np.exp(-(u-mu)**2 / (2*sigmaUNC**2)) * \\\n",
    "                      (norm.cdf((E2-mu*(1-rho)-rho*u)/sigma) - norm.cdf((E1-mu*(1-rho)-rho*u)/sigma)))\n",
    "            \n",
    "            PI[i,j] = quad(th_fcn,E[i],E[i+1],epsabs=1e-10)[0]\n",
    "            MFPI[i,j] = norm.cdf((E[j+1]-mu*(1-rho)-rho*Z[i])/sigma) - norm.cdf((E[j]-mu*(1-rho)-rho*Z[i])/sigma)       \n",
    "\n",
    "\n",
    "    for i in np.arange(0,n):\n",
    "        PI[i,:] = PI[i,:] / np.sum(PI[i,:])\n",
    "        MFPI[i,:] = MFPI[i,:] / np.sum(MFPI[i,:])\n",
    "\n",
    "    return Z, PI\n",
    "    "
   ]
  },
  {
   "cell_type": "code",
   "execution_count": 3,
   "id": "e9e7509a",
   "metadata": {},
   "outputs": [
    {
     "name": "stdout",
     "output_type": "stream",
     "text": [
      "Z =\n",
      " [[-1.0759]\n",
      " [-0.7153]\n",
      " [-0.5382]\n",
      " [-0.4046]\n",
      " [-0.2913]\n",
      " [-0.1892]\n",
      " [-0.0932]\n",
      " [ 0.    ]\n",
      " [ 0.0932]\n",
      " [ 0.1892]\n",
      " [ 0.2913]\n",
      " [ 0.4046]\n",
      " [ 0.5382]\n",
      " [ 0.7153]\n",
      " [ 1.0759]]\n",
      "PI =\n",
      " [[0.7566 0.2015 0.0355 0.0055 0.0008 0.0001 0.     0.     0.     0.     0.     0.     0.     0.     0.    ]\n",
      " [0.2015 0.4335 0.2424 0.0889 0.0259 0.0063 0.0013 0.0002 0.     0.     0.     0.     0.     0.     0.    ]\n",
      " [0.0355 0.2424 0.3206 0.2256 0.1129 0.0443 0.0141 0.0036 0.0007 0.0001 0.     0.     0.     0.     0.    ]\n",
      " [0.0055 0.0889 0.2256 0.2671 0.2081 0.1214 0.0558 0.0204 0.0058 0.0012 0.0002 0.     0.     0.     0.    ]\n",
      " [0.0008 0.0259 0.1129 0.2081 0.2376 0.1957 0.1242 0.062  0.0241 0.0071 0.0015 0.0002 0.     0.     0.    ]\n",
      " [0.0001 0.0063 0.0443 0.1214 0.1957 0.2207 0.1881 0.1249 0.0647 0.0254 0.0071 0.0012 0.0001 0.     0.    ]\n",
      " [0.     0.0013 0.0141 0.0558 0.1242 0.1881 0.2118 0.1844 0.125  0.0647 0.0241 0.0058 0.0007 0.     0.    ]\n",
      " [0.     0.0002 0.0036 0.0204 0.062  0.1249 0.1844 0.209  0.1844 0.1249 0.062  0.0204 0.0036 0.0002 0.    ]\n",
      " [0.     0.     0.0007 0.0058 0.0241 0.0647 0.125  0.1844 0.2118 0.1881 0.1242 0.0558 0.0141 0.0013 0.    ]\n",
      " [0.     0.     0.0001 0.0012 0.0071 0.0254 0.0647 0.1249 0.1881 0.2207 0.1957 0.1214 0.0443 0.0063 0.0001]\n",
      " [0.     0.     0.     0.0002 0.0015 0.0071 0.0241 0.062  0.1242 0.1957 0.2376 0.2081 0.1129 0.0259 0.0008]\n",
      " [0.     0.     0.     0.     0.0002 0.0012 0.0058 0.0204 0.0558 0.1214 0.2081 0.2671 0.2256 0.0889 0.0055]\n",
      " [0.     0.     0.     0.     0.     0.0001 0.0007 0.0036 0.0141 0.0443 0.1129 0.2256 0.3206 0.2424 0.0355]\n",
      " [0.     0.     0.     0.     0.     0.     0.     0.0002 0.0013 0.0063 0.0259 0.0889 0.2424 0.4335 0.2015]\n",
      " [0.     0.     0.     0.     0.     0.     0.     0.     0.     0.0001 0.0008 0.0055 0.0355 0.2015 0.7566]]\n"
     ]
    }
   ],
   "source": [
    "N = 15\n",
    "rho = 0.9500\n",
    "sigma = np.sqrt(0.030)\n",
    "Z,PI = addacooper(N,0,rho,sigma)\n",
    "print(\"Z =\\n\", Z)\n",
    "print(\"PI =\\n\", PI)"
   ]
  },
  {
   "cell_type": "code",
   "execution_count": null,
   "id": "94f1ee0d",
   "metadata": {},
   "outputs": [],
   "source": []
  },
  {
   "cell_type": "code",
   "execution_count": 4,
   "id": "d2d91af6",
   "metadata": {},
   "outputs": [],
   "source": [
    "# generates an AR(1) process using Tauchen's (Ec. Letters, 1986) method\n",
    "def tauchen(N,mu,rho,sigma,m):\n",
    "    \"\"\" Syntax: [Z,Zprob] = tauchen(N,mu,rho,sigma,m)\n",
    "    \n",
    "    Function TAUCHEN\n",
    "    Purpose:    Finds a Markov chain whose sample paths\n",
    "                approximate those of the AR(1) process\n",
    "                    z(t+1) = (1-rho)*mu + rho * z(t) + eps(t+1)\n",
    "                where eps are normal with stddev sigma\n",
    "                \n",
    "    Format:     {Z, Zprob} = Tauchen(N,mu,rho,sigma,m)\n",
    "    \n",
    "    Input:      N       scalar, number of nodes for Z\n",
    "                mu      scalar, unconditional mean of process\n",
    "                rho     scalar\n",
    "                sigma   scalar, std. dev. of epsilons\n",
    "                m       max +- std. devs.\n",
    "\n",
    "    Output:     Z       N*1 vector, nodes for Z\n",
    "                Zprob   N*N matrix, transition probabilities\n",
    "\n",
    "    This procedure is an implementation of George Tauchen's algorithm\n",
    "    described in Ec. Letters 20 (1986) 177-181.\n",
    "\n",
    "    Translated from Martin Flodén, Fall 1996\n",
    "    \"\"\"\n",
    "\n",
    "    \n",
    "    \n",
    "    \n",
    "    Z     = np.zeros((N,1))\n",
    "    Zprob = np.zeros((N,N))\n",
    "    a     = (1-rho)*mu\n",
    "\n",
    "    Z[-1]  = m * np.sqrt(sigma**2 / (1 - rho**2))\n",
    "    Z[0]  = -Z[-1]\n",
    "    zstep = (Z[-1] - Z[0]) / (N - 1)\n",
    "    \n",
    "    \n",
    "    for i in np.arange(1,N-1):\n",
    "        Z[i] = Z[0] + zstep * i\n",
    "\n",
    "\n",
    "    Z = Z + a / (1-rho)\n",
    "    \n",
    "\n",
    "    for j in np.arange(0,N):\n",
    "        for k in np.arange(0,N):\n",
    "            if k == 0:\n",
    "                Zprob[j,k] = norm.cdf((Z[0] - a - rho * Z[j] + zstep / 2) / sigma)\n",
    "            elif k == N-1:\n",
    "                Zprob[j,k] = 1 - norm.cdf((Z[-1] - a - rho * Z[j] - zstep / 2) / sigma)\n",
    "            else:\n",
    "                Zprob[j,k] = norm.cdf((Z[k] - a - rho * Z[j] + zstep / 2) / sigma) - \\\n",
    "                         norm.cdf((Z[k] - a - rho * Z[j] - zstep / 2) / sigma)\n",
    "    \n",
    "    return Z, Zprob"
   ]
  },
  {
   "cell_type": "code",
   "execution_count": 5,
   "id": "21f85bb4",
   "metadata": {},
   "outputs": [
    {
     "name": "stdout",
     "output_type": "stream",
     "text": [
      "Z =\n",
      " [[-1.8026]\n",
      " [-1.5451]\n",
      " [-1.2876]\n",
      " [-1.03  ]\n",
      " [-0.7725]\n",
      " [-0.515 ]\n",
      " [-0.2575]\n",
      " [ 0.    ]\n",
      " [ 0.2575]\n",
      " [ 0.515 ]\n",
      " [ 0.7725]\n",
      " [ 1.03  ]\n",
      " [ 1.2876]\n",
      " [ 1.5451]\n",
      " [ 1.8026]]\n",
      "PI =\n",
      " [[0.5882 0.3681 0.043  0.0007 0.     0.     0.     0.     0.     0.     0.     0.     0.     0.     0.    ]\n",
      " [0.1171 0.4998 0.3459 0.0367 0.0005 0.     0.     0.     0.     0.     0.     0.     0.     0.     0.    ]\n",
      " [0.0046 0.1278 0.5125 0.3235 0.0311 0.0004 0.     0.     0.     0.     0.     0.     0.     0.     0.    ]\n",
      " [0.     0.0057 0.1433 0.5232 0.3012 0.0263 0.0003 0.     0.     0.     0.     0.     0.     0.     0.    ]\n",
      " [0.     0.     0.007  0.1598 0.5317 0.279  0.0221 0.0002 0.     0.     0.     0.     0.     0.     0.    ]\n",
      " [0.     0.     0.0001 0.0086 0.1775 0.5378 0.2573 0.0185 0.0002 0.     0.     0.     0.     0.     0.    ]\n",
      " [0.     0.     0.     0.0001 0.0105 0.1962 0.5415 0.2362 0.0154 0.0001 0.     0.     0.     0.     0.    ]\n",
      " [0.     0.     0.     0.     0.0001 0.0128 0.2158 0.5427 0.2158 0.0128 0.0001 0.     0.     0.     0.    ]\n",
      " [0.     0.     0.     0.     0.     0.0001 0.0154 0.2362 0.5415 0.1962 0.0105 0.0001 0.     0.     0.    ]\n",
      " [0.     0.     0.     0.     0.     0.     0.0002 0.0185 0.2573 0.5378 0.1775 0.0086 0.0001 0.     0.    ]\n",
      " [0.     0.     0.     0.     0.     0.     0.     0.0002 0.0221 0.279  0.5317 0.1598 0.007  0.     0.    ]\n",
      " [0.     0.     0.     0.     0.     0.     0.     0.     0.0003 0.0263 0.3012 0.5232 0.1433 0.0057 0.    ]\n",
      " [0.     0.     0.     0.     0.     0.     0.     0.     0.     0.0004 0.0311 0.3235 0.5125 0.1278 0.0046]\n",
      " [0.     0.     0.     0.     0.     0.     0.     0.     0.     0.     0.0005 0.0367 0.3459 0.4998 0.1171]\n",
      " [0.     0.     0.     0.     0.     0.     0.     0.     0.     0.     0.     0.0007 0.043  0.3681 0.5882]]\n"
     ]
    }
   ],
   "source": [
    "N = 15\n",
    "rho = 0.9500\n",
    "sigma = np.sqrt(0.030)\n",
    "Z,PI = tauchen(N,0,rho,sigma,1.2*np.log(N))\n",
    "print(\"Z =\\n\", Z)\n",
    "print(\"PI =\\n\", PI)\n"
   ]
  },
  {
   "cell_type": "code",
   "execution_count": null,
   "id": "b88aa573",
   "metadata": {},
   "outputs": [],
   "source": []
  }
 ],
 "metadata": {
  "kernelspec": {
   "display_name": "Python 3 (ipykernel)",
   "language": "python",
   "name": "python3"
  },
  "language_info": {
   "codemirror_mode": {
    "name": "ipython",
    "version": 3
   },
   "file_extension": ".py",
   "mimetype": "text/x-python",
   "name": "python",
   "nbconvert_exporter": "python",
   "pygments_lexer": "ipython3",
   "version": "3.10.6"
  }
 },
 "nbformat": 4,
 "nbformat_minor": 5
}
